
                                                                           
                                       mm                                  
                                    mMMm                                   
                                  mMMMMm         m                         
                                 mMMMMm          mMm                       
                                 mMMMMm          mMm                       
                                 mMMMMMm        mMMm                       
                                 MMMMMMMMMMMMMMMMMMm                       
                                mMMMMMMMMMMMMMMMMMm                        
       __  ___      __    ____________      __MMMm     __                  
      /  |/  /___  / /   / ____/ ____/___  / /  ____ _/ /_                 
     / /|_/ / __ \/ /   / __/ / /   / __ \/ /  / __ `/ __ \                
    / /  / / /_/ / /___/ /___/ /___/ /_/ / /__/ /_/ / /_/ /                
   /_/  /_/\__________/_____/\____/_____/_____|__,_/_.___/                 
           /_  __/ __ \/ __ \/ /  / ___/                                   
            / / / / / / / / / /   \__ \                                    
           / / / /_/ / /_/ / /___ __/ /                                    
          /_/  \____/\____/_____/____/                                     
            mMMMMMMMMMMMMMMMm                                              
          mMMMMMMMMMMMMMMMm                                                
        mMMMMMMMMMMMMMMMMM   + ------------------------------------ +      
       mMMMMMMMMMMMMMMMMm    |            P O L C H A T             |      
      mMMMMMMMMMMMMMMMMMm    + ------------------------------------ +      
      mMMMMm       mMMMMMm   | Stefano Caprasecca                   |      
      mMMMm       mMMMMMMm   | Carles Curutchet                     |      
       mMm       mMMMMMMm    | Sandro Jurinovich                    |      
        m       mMMMMMMm     | Benedetta Mennucci         ver 4.0.0 |     
               mMMMMMm       |          www.molecolab.dcci.unipi.it |     
                             + ------------------------------------ +      

  Please cite this tool as: 
    PolChat: A polarisation-consistent charge fitting tool. 
    S. Caprasecca, C. Curutchet, S. Jurinovich, B. Mennucci. 
    Molecolab Tools. 2014 www.molecolab.dcci.unipi.it/tools

 Gaussian-style connectivity following:
    1 |     2    21    22    60     0     0     0     0     0
    2 |     1     3    23     0     0     0     0     0     0
    3 |     2     4     5     0     0     0     0     0     0
    4 |     3    24    25    26     0     0     0     0     0
    5 |     3     6    27    28     0     0     0     0     0
    6 |     5     7    29    30     0     0     0     0     0
    7 |     6     8    31    32     0     0     0     0     0
    8 |     7     9    10    33     0     0     0     0     0
    9 |     8    34    35    36     0     0     0     0     0
   10 |     8    11    37    38     0     0     0     0     0
   11 |    10    12    39    40     0     0     0     0     0
   12 |    11    13    41    42     0     0     0     0     0
   13 |    12    14    15    43     0     0     0     0     0
   14 |    13    44    45    46     0     0     0     0     0
   15 |    13    16    47    48     0     0     0     0     0
   16 |    15    17    49    50     0     0     0     0     0
   17 |    16    18    51    52     0     0     0     0     0
   18 |    17    19    20    53     0     0     0     0     0
   19 |    18    54    55    56     0     0     0     0     0
   20 |    18    57    58    59     0     0     0     0     0
   21 |     1     0     0     0     0     0     0     0     0
   22 |     1     0     0     0     0     0     0     0     0
   23 |     2     0     0     0     0     0     0     0     0
   24 |     4     0     0     0     0     0     0     0     0
   25 |     4     0     0     0     0     0     0     0     0
   26 |     4     0     0     0     0     0     0     0     0
   27 |     5     0     0     0     0     0     0     0     0
   28 |     5     0     0     0     0     0     0     0     0
   29 |     6     0     0     0     0     0     0     0     0
   30 |     6     0     0     0     0     0     0     0     0
   31 |     7     0     0     0     0     0     0     0     0
   32 |     7     0     0     0     0     0     0     0     0
   33 |     8     0     0     0     0     0     0     0     0
   34 |     9     0     0     0     0     0     0     0     0
   35 |     9     0     0     0     0     0     0     0     0
   36 |     9     0     0     0     0     0     0     0     0
   37 |    10     0     0     0     0     0     0     0     0
   38 |    10     0     0     0     0     0     0     0     0
   39 |    11     0     0     0     0     0     0     0     0
   40 |    11     0     0     0     0     0     0     0     0
   41 |    12     0     0     0     0     0     0     0     0
   42 |    12     0     0     0     0     0     0     0     0
   43 |    13     0     0     0     0     0     0     0     0
   44 |    14     0     0     0     0     0     0     0     0
   45 |    14     0     0     0     0     0     0     0     0
   46 |    14     0     0     0     0     0     0     0     0
   47 |    15     0     0     0     0     0     0     0     0
   48 |    15     0     0     0     0     0     0     0     0
   49 |    16     0     0     0     0     0     0     0     0
   50 |    16     0     0     0     0     0     0     0     0
   51 |    17     0     0     0     0     0     0     0     0
   52 |    17     0     0     0     0     0     0     0     0
   53 |    18     0     0     0     0     0     0     0     0
   54 |    19     0     0     0     0     0     0     0     0
   55 |    19     0     0     0     0     0     0     0     0
   56 |    19     0     0     0     0     0     0     0     0
   57 |    20     0     0     0     0     0     0     0     0
   58 |    20     0     0     0     0     0     0     0     0
   59 |    20     0     0     0     0     0     0     0     0
   60 |     1     0     0     0     0     0     0     0     0
  Polarisabilities following:
                 1
      1   0.634280D+01
      2   0.874250D+01
      3   0.874250D+01
      4   0.634280D+01
      5   0.634280D+01
      6   0.634280D+01
      7   0.634280D+01
      8   0.634280D+01
      9   0.634280D+01
     10   0.634280D+01
     11   0.634280D+01
     12   0.634280D+01
     13   0.634280D+01
     14   0.634280D+01
     15   0.634280D+01
     16   0.634280D+01
     17   0.634280D+01
     18   0.634280D+01
     19   0.634280D+01
     20   0.634280D+01
     21   0.287140D+01
     22   0.287140D+01
     23   0.287140D+01
     24   0.287140D+01
     25   0.287140D+01
     26   0.287140D+01
     27   0.287140D+01
     28   0.287140D+01
     29   0.287140D+01
     30   0.287140D+01
     31   0.287140D+01
     32   0.287140D+01
     33   0.287140D+01
     34   0.287140D+01
     35   0.287140D+01
     36   0.287140D+01
     37   0.287140D+01
     38   0.287140D+01
     39   0.287140D+01
     40   0.287140D+01
     41   0.287140D+01
     42   0.287140D+01
     43   0.287140D+01
     44   0.287140D+01
     45   0.287140D+01
     46   0.287140D+01
     47   0.287140D+01
     48   0.287140D+01
     49   0.287140D+01
     50   0.287140D+01
     51   0.287140D+01
     52   0.287140D+01
     53   0.287140D+01
     54   0.287140D+01
     55   0.287140D+01
     56   0.287140D+01
     57   0.287140D+01
     58   0.287140D+01
     59   0.287140D+01
     60   0.287140D+01
 Building MMPol matrix.
 Constraint on total charge   :       0.0000
 Constraint on equivalence on atoms:
                    1      2      3
 Constraint on fragment charge:       1.0000 on atoms:
                    5      6
 Constraint on fragment charge:       0.3300 on atoms:
                   10     11     12
 Restraint with strength       0.0500 of type 1 on atoms:
                   41     42     43     44     45     56     57     58     59     60

 PARAMETERS ------------------------------------------------
   > number of charges             >     60
   > number of gridpoints          >   2062

 FILES -----------------------------------------------------
   > GESP file                     > /home/stefano/molecolab/tools/polchat/examples/mol.gesp
   > mol2 file                     > /home/stefano/molecolab/tools/polchat/examples/mol.mol2
   > polarisability file           > /home/stefano/molecolab/tools/polchat/examples/mol.pol
   > constraint file               > mol.cns

 CHARGE-DIPOLE SCREENING -----------------------------------
                                   > OFF

 PRINTOUT LEVEL --------------------------------------------
                                   >  1 (debug)

 CONSTRAINTS -----------------------------------------------
   > whole molecule                > charge    0.0000
   > fragment                      > charge    1.0000
                                   > atoms      5      6
   > fragment                      > charge    0.3300
                                   > atoms     10     11     12
   > equivalence                   > atoms      1      2      3
   > restraint                     > type 1 > alpha   0.0500
                                   > atoms     41     42     43     44     45     56     57     58     59     60

              GESP         ESP        pol-ESP
 ----------------------------------------------
      1    -0.159832    -0.133545    -0.110749
      2    -0.169305    -0.133545    -0.110749
      3     0.075038    -0.133545    -0.110749
      4    -0.164513    -0.193462    -0.168529
      5    -0.510850     0.056991     0.174131
      6     0.348244     0.943009     0.825869
      7    -0.260141    -0.836629    -0.832954
      8     0.207235     0.276936     0.463754
      9    -0.371976    -0.548378    -0.551509
     10    -0.227802     0.245523     0.196961
     11     0.262767     0.114169     0.008610
     12    -0.309477    -0.029691     0.124429
     13     0.304336     0.137875     0.053549
     14    -0.409345    -0.150562    -0.116538
     15    -0.204505    -0.212978    -0.139063
     16     0.080865     0.078022     0.132578
     17    -0.216679    -0.284925    -0.227139
     18     0.458584     0.415976     0.294822
     19    -0.479989    -0.271867    -0.237963
     20    -0.468418    -0.173409    -0.152901
     21     0.062963     0.058053     0.055563
     22     0.060018     0.050343     0.041215
     23     0.119846     0.104060     0.060645
     24     0.068417     0.095918     0.098937
     25     0.050265     0.047401     0.013102
     26     0.062182     0.064508     0.040716
     27     0.113240    -0.065532    -0.066917
     28     0.150651    -0.031351    -0.045120
     29    -0.024264    -0.190114    -0.175041
     30    -0.031292    -0.247761    -0.297831
     31     0.067658     0.172230     0.186092
     32     0.042828     0.127577     0.112424
     33    -0.009243    -0.009930    -0.106767
     34     0.075312     0.164411     0.198524
     35     0.104390     0.137053     0.129688
     36     0.074059     0.099873     0.078072
     37     0.049794    -0.064072    -0.042580
     38     0.046076    -0.076642    -0.064727
     39    -0.025871    -0.060254    -0.052631
     40    -0.030934    -0.040988    -0.015681
     41     0.050967    -0.025687    -0.057878
     42     0.062753    -0.011400    -0.040277
     43    -0.015663    -0.004493    -0.001522
     44     0.109191     0.038818     0.025942
     45     0.079319     0.028747     0.023591
     46     0.079194     0.015677     0.019706
     47     0.048397     0.060673     0.032098
     48     0.043778     0.055740     0.037669
     49     0.032803     0.041782     0.010912
     50    -0.019560    -0.001896    -0.027895
     51     0.044656     0.061020     0.057151
     52     0.046536     0.052374     0.052360
     53    -0.045346    -0.073225    -0.066746
     54     0.114001     0.058339     0.060357
     55     0.089473     0.038454     0.040371
     56     0.108247     0.045233     0.043706
     57     0.093824     0.018344     0.019914
     58     0.103209     0.022353     0.028616
     59     0.106714     0.026230     0.028806
     60     0.057176     0.052171     0.049572
 ----------------------------------------------
 Sum        0.000000    -0.000000     0.000000
 ----------------------------------------------
 Fit Error               1.089E-03    1.940E-03
 ----------------------------------------------

 Dipole Analysis:
                      GESP                         ESP                        pol-ESP
          --------------------------   --------------------------   --------------------------
  fixed     0.0980   0.0297  -0.0028     0.1238   0.0508   0.0138    -0.2710  -0.1480  -0.0544
  induced                                                             0.4156   0.2148   0.0643
          --------------------------   --------------------------   --------------------------
  total     0.0980   0.0297  -0.0028     0.1238   0.0508   0.0138     0.1446   0.0668   0.0099
